0,1,2,3,4,5,6,7,8,9,10,11,12,13,14,15,16,17,18,19,20,21,22,23,24,25
0.029313725490196077,0.014495798319327732,0.012619047619047618,0.009061624649859944,0.006204481792717087,0.005042016806722689,0.0049159663865546216,0.006372549019607843,0.007324929971988796,0.01030812324929972,0.014047619047619048,0.027675070028011204,0.04212885154061625,0.06249299719887955,0.021204481792717087,0.03634453781512605,0.011260504201680671,0.03219887955182073,0.00969187675070028,0.01,0.011106442577030813,0.014005602240896359,0.017296918767507004,0.015238095238095238,0.3126050420168067,0.2570448179271709
0.030056548763296168,0.01277953992054338,0.014129181084198385,0.013920927848263489,0.012915705497885429,0.013164007433038576,0.013556484685377419,0.015831250800973983,0.018338299372036397,0.025755318467256184,0.03654844290657439,0.06209150326797386,0.08666938997821351,0.06835511982570806,0.03521482122260669,0.030669293861335385,0.01921536588491606,0.022691592977060106,0.015534890426758938,0.014585736255286428,0.014577726515442778,0.015562924516211713,0.017160867615019865,0.014505638856849929,0.11297738049468153,0.26319204152249137
0.04182222222222222,0.02638888888888889,0.020177777777777777,0.01633333333333333,0.012833333333333334,0.012133333333333333,0.010822222222222223,0.012533333333333334,0.014133333333333333,0.01708888888888889,0.02578888888888889,0.04541111111111111,0.06818888888888888,0.05145555555555555,0.029266666666666667,0.02128888888888889,0.014922222222222222,0.013033333333333333,0.011622222222222223,0.012422222222222222,0.0133,0.01767777777777778,0.02387777777777778,0.023322222222222223,0.04583333333333333,0.39832222222222224
0.03346086402040491,0.015865614538498326,0.016853977363303047,0.01327116212338594,0.012159253945480631,0.010836123067113025,0.010186513629842181,0.013127690100430417,0.016224294595887135,0.020727721983102184,0.03008130081300813,0.05509325681492109,0.09096923322174398,0.08085844093735055,0.03469631755141081,0.036330304479515386,0.020532440618523832,0.02606009883628248,0.016128646580583453,0.015431213135660768,0.01552686115096445,0.017140921409214093,0.01878287900526064,0.017802486848397896,0.07290769966523195,0.2889446835644827
0.058603914052998196,0.031179744222902,0.022673497217410535,0.014587402793646113,0.010360078133638005,0.009217557955257435,0.008450963771053699,0.008893229646555855,0.00980724578926031,0.011318320863892678,0.013629160063391443,0.017288910183171784,0.021560461430730107,0.017937566800574945,0.012464526591235765,0.011178270003316995,0.008970626174768731,0.009125419231194486,0.008215088637452548,0.008646297866067151,0.009722478163122397,0.014823277927247263,0.023182102974238013,0.033877566063465155,0.07253528913131611,0.5317510043120923
0.03362088299372036,0.015887318979879533,0.014593745995130079,0.012611335383826734,0.011093489683455082,0.010620915032679739,0.010713027040881713,0.013496411636550045,0.016904555940023068,0.02276768550557478,0.0348303537101115,0.0592880943226964,0.09480728565936178,0.07175925925925926,0.035807541971036784,0.03322039600153787,0.01967993079584775,0.025162597718826094,0.01680843906189927,0.01618367935409458,0.015622997565039088,0.01688853646033577,0.01680843906189927,0.014601755734973729,0.09760268486479559,0.2686186402665641
0.04891851851851852,0.0184,0.02068148148148148,0.020414814814814816,0.019733333333333332,0.019466666666666667,0.019244444444444446,0.02185185185185185,0.024903703703703702,0.0284,0.034162962962962964,0.043896296296296294,0.04859259259259259,0.03991111111111111,0.029111111111111112,0.024962962962962965,0.021348148148148147,0.019437037037037037,0.0188,0.018740740740740742,0.018711111111111112,0.02054814814814815,0.01976296296296296,0.016755555555555555,0.045362962962962966,0.3378814814814815
0.04703069229625223,0.021281045508625817,0.02136237730517549,0.018780673706127304,0.016605629089827482,0.014916251487209995,0.014172646490184414,0.015490221594289113,0.017590905710886378,0.020070363622843545,0.024248494199881024,0.029769761302795954,0.032130707168352174,0.03515160246876859,0.02272178019036288,0.023374758328375968,0.01710291493158834,0.01914085737656157,0.016719493604997027,0.01735155785246877,0.017890671475312314,0.021462299226650803,0.02389760559190958,0.02290071014277216,0.08012111466389055,0.38871486466389055
0.036484364987825195,0.015354671280276816,0.015639017044726387,0.014169229783416634,0.013392285018582596,0.01257529155453031,0.012495194156093811,0.01546280276816609,0.01915929770601051,0.025747308727412533,0.03696494937844419,0.061354607202358066,0.08071815327438164,0.07712578495450467,0.03757368960656158,0.03636421889017045,0.021005542739971805,0.023072055619633474,0.016319844931436626,0.014313405100602333,0.014513648596693579,0.014930155068563373,0.0164439958990132,0.016560137126746123,0.06153082147891836,0.29072952710495964
0.029137371552190372,0.012589387656991767,0.013753680668229074,0.012661999479197964,0.011672976383630792,0.011329948120104962,0.011537768162970976,0.014342086813693087,0.0178124311439617,0.024092101836828715,0.0344104921579232,0.05873044488512309,0.08722933317308655,0.07086413076137252,0.031235602828355667,0.03475352042144903,0.018628688179796887,0.024920878152354626,0.015401217875528313,0.014953027662600404,0.014915469823528234,0.016775834785569776,0.017216513430683252,0.015496364401177814,0.12780181479478397,0.25773691484886724
0.049203831859541206,0.025454953223119314,0.022591471229014483,0.017236960143534538,0.013852845059592464,0.012507208765859285,0.012254901960784314,0.0131039343842112,0.01544678328847879,0.01762943739587338,0.022375208253235936,0.032115051903114186,0.03998462129950019,0.033200371651928746,0.022387222863001408,0.0179698513392285,0.014305395360758682,0.01346837754709727,0.011998590285787517,0.011938517236960143,0.013392285018582596,0.01700467768806869,0.02258346148917083,0.025867454825067283,0.059636518005895166,0.4424900679225939
0.03336323636208296,0.01683380323807083,0.014353453799820582,0.011803686616258705,0.010175039514716561,0.01013766072877953,0.009707804690503653,0.013173352129522833,0.018077982827117776,0.02540956469733863,0.03763776752531078,0.05985678585159554,0.0743837840146952,0.07532626340296467,0.04137030629245162,0.04027030202059037,0.022811739074714853,0.022945234738775685,0.014572386688880345,0.012262911700627963,0.012695437652185056,0.01358718868811141,0.01588064419667649,0.01953041565209962,0.04971645520953479,0.32411679268657356
0.05759173525377229,0.027949245541838134,0.024969993141289438,0.02025462962962963,0.016010802469135804,0.011724108367626886,0.012217078189300411,0.012217078189300411,0.012924382716049383,0.016675240054869686,0.020061728395061727,0.026127400548696843,0.026406035665294925,0.024862825788751715,0.02081189986282579,0.017618312757201646,0.015410665294924554,0.01590363511659808,0.01633230452674897,0.016225137174211247,0.01641803840877915,0.021026234567901234,0.024155521262002745,0.022655178326474623,0.0516332304526749,0.4518175582990398
0.025254709727028066,0.0115620594643086,0.012483179546328335,0.011666186082276047,0.010917275406894784,0.011389850057670127,0.01178232731000897,0.01515442778418557,0.019772042804049726,0.02730119825708061,0.04307237600922722,0.08210383826733307,0.12474368832500321,0.11051038062283737,0.045983916442393954,0.03687684224016404,0.022579456619249007,0.022991958221196977,0.015474817377931565,0.014209278482634884,0.012687427912341407,0.013640586953735743,0.013276143790849673,0.011518005895168526,0.06153883121876202,0.2115091951813405
0.04923186594899397,0.029696110470331924,0.01974400871459695,0.01256728181468666,0.00913110342176086,0.0077534281686530825,0.007144687940535691,0.007204760989363066,0.00884675765731129,0.011397859797513777,0.016448000768935024,0.031750608740228115,0.05293236575676022,0.0394559784698193,0.016828463411508395,0.014585736255286428,0.00889481609637319,0.011413879277201076,0.007449058054594387,0.008738626169422017,0.009010957324106113,0.01317602204280405,0.02012447135717032,0.03270777265154428,0.08292483660130719,0.4708405420991926
0.05822133333333333,0.024285333333333332,0.023646666666666667,0.018004,0.013449333333333334,0.011157333333333333,0.010172,0.011041333333333334,0.012229333333333333,0.013993333333333333,0.016724,0.021861333333333333,0.026298666666666668,0.025694666666666668,0.017090666666666667,0.016733333333333333,0.013082666666666666,0.014301333333333333,0.012444,0.013962666666666667,0.016038666666666666,0.021828,0.026133333333333335,0.025705333333333334,0.07407733333333333,0.461824
0.05256172839506173,0.02381365740740741,0.021278935185185185,0.016631944444444446,0.013890817901234568,0.012827932098765432,0.013005401234567901,0.014330632716049382,0.01640625,0.01886381172839506,0.0223804012345679,0.029402006172839504,0.03431712962962963,0.03079861111111111,0.021221064814814814,0.01779320987654321,0.01447337962962963,0.013568672839506173,0.011882716049382716,0.012783564814814815,0.014477237654320988,0.019116512345679012,0.02380594135802469,0.024878472222222222,0.05812114197530864,0.4473688271604938
0.022984825892465574,0.011730549951758618,0.008807999298307166,0.006634505745110078,0.005673186562582229,0.005627576528374704,0.005773177791421805,0.008278221208665906,0.009760547320410491,0.013661959477238838,0.02002543636523112,0.036716077537058155,0.0512533988246645,0.06154021577054644,0.02414788176475748,0.03495395140777125,0.014348741338479081,0.026543285676695026,0.012307692307692308,0.012052451539338654,0.011085869660556092,0.012332251556880976,0.013780370142969916,0.014865362687483554,0.32706341548986934,0.22805104815367072
0.06018518518518518,0.027980599647266315,0.02541446208112875,0.018602292768959437,0.01398589065255732,0.011393298059964727,0.010727513227513228,0.011075837742504408,0.011962081128747795,0.013051146384479718,0.01611552028218695,0.0223015873015873,0.0293342151675485,0.02406084656084656,0.01646384479717813,0.013924162257495591,0.011851851851851851,0.011287477954144622,0.010886243386243387,0.011604938271604939,0.014175485008818342,0.01808641975308642,0.02503968253968254,0.028196649029982365,0.05870811287477954,0.48358465608465606
0.052384891094568516,0.03548143823286138,0.018241457046011125,0.011778491380009406,0.008490244733128984,0.007642842083069787,0.006925185293306735,0.008072625245300767,0.008810554825735091,0.01192445547284257,0.014300426539515724,0.024586840526119463,0.03439076209474692,0.034650253815339205,0.015338393421884883,0.016404742211193823,0.010363450591154576,0.012735367099693475,0.009191683290355017,0.010590505846672829,0.010513469242121994,0.013919298074895798,0.020236299648064355,0.031905317958448885,0.07286851878882239,0.4982524854441363
0.05652399171050534,0.034512992188745414,0.020377012593655347,0.011465805834528933,0.008783676072054838,0.006890642435836123,0.005810616929698709,0.006982305117168818,0.007245337159253945,0.008807588075880758,0.011465805834528933,0.02110234337637494,0.02562569743344492,0.023923959827833574,0.010931771082416707,0.010919815080503745,0.007647855890323609,0.009489080184919497,0.007313087836760721,0.008428981348637015,0.009445241511238642,0.013637812848716723,0.0217160848079069,0.03599155109198151,0.10368643392316276,0.5112745098039215
0.02957195950275535,0.012943739587338203,0.01250320389593746,0.010120306292451621,0.009972126105344098,0.010344579008073817,0.010969338715878508,0.01447359989747533,0.019503716519287454,0.02750544662309368,0.04132625272331154,0.07079408560809945,0.09736639753940791,0.09171953094963475,0.04317650262719467,0.04115404331667308,0.020332724593105218,0.02585143534537998,0.014577726515442778,0.014029059336152762,0.013416314238113547,0.014217288222478534,0.014938164808407022,0.014365468409586057,0.08327326028450596,0.2415537293348712
0.04767041166502912,0.028372278468395348,0.01881754880601478,0.012851182593589361,0.009109744115511128,0.007792586896777593,0.007888703774901392,0.009700684921753742,0.011573184102980335,0.01597676107480029,0.02297905364033776,0.03929044384638387,0.05272544747746593,0.04652056901191849,0.02405057883719937,0.020248622324746893,0.012755065715465561,0.012473834849844077,0.009593888390505076,0.009665086078004186,0.010925285146738434,0.014890996340438863,0.02110655445911117,0.028635709912142055,0.05722870121178464,0.44715707633816054
0.02665944236176195,0.011639526710403,0.013919283036551077,0.013212863167760075,0.011655927835051547,0.011675257731958762,0.01228444236176195,0.01677132146204311,0.021324390815370197,0.028243322399250235,0.03719775070290534,0.05377753045923149,0.06248477038425492,0.07159208059981256,0.03977272727272727,0.04507087628865979,0.02668521555763824,0.03202846766635426,0.022420923149015934,0.021522961574507966,0.01962570290534208,0.022442596063730086,0.021374765698219306,0.01596590909090909,0.09302425023430178,0.24762769447047797
0.020981958505987726,0.011064120637361698,0.010576416477992795,0.008750195793640623,0.00738320019365771,0.007522035684280975,0.007429478690532131,0.01082560838423968,0.013435003631082063,0.018892306377888846,0.028902701240263715,0.058061714155524226,0.11721275292978484,0.1070564028080368,0.03953251598388084,0.0463924131744201,0.019390690190382618,0.029223090834009712,0.01448160963731898,0.012438236006094523,0.011113959018611076,0.012516553462343543,0.013826590912327168,0.012769305252965383,0.1530643484699617,0.20715679154741054
0.04548750983344184,0.017170446890371817,0.019275100142867478,0.01737375612612124,0.0159419024432147,0.015343277542679399,0.015201144748263888,0.018065629182038485,0.021246027063440392,0.025366394608109084,0.029439996790002892,0.03406701264558015,0.03410904495804398,0.03640782391583478,0.03029915138527199,0.027922736273871526,0.0230830157244647,0.021894808168764466,0.018245343808774597,0.01883160626446759,0.019783443874782987,0.022333427711769386,0.022592685840747976,0.01747435110586661,0.06413042986834491,0.36891393308286313
0.033228645833333334,0.012088541666666666,0.016878125,0.012919270833333333,0.010630729166666667,0.0081859375,0.0073807291666666665,0.011184895833333333,0.014158854166666667,0.017533854166666668,0.0197328125,0.021894791666666667,0.022195833333333335,0.0544,0.015922395833333332,0.047605208333333336,0.019311458333333333,0.040538541666666664,0.023203645833333335,0.02065625,0.018944270833333332,0.0214125,0.019047395833333335,0.015190104166666666,0.22477083333333334,0.270984375
0.03821354166666667,0.0128234375,0.0162546875,0.01493125,0.014358333333333334,0.013813020833333333,0.013952083333333334,0.017085416666666665,0.020436979166666668,0.025353125,0.0312203125,0.04063489583333333,0.045253125,0.049471875,0.03250625,0.033272395833333336,0.023629166666666666,0.027305729166666667,0.020868229166666665,0.021084375,0.020811979166666668,0.022420833333333334,0.020790104166666667,0.015085416666666667,0.12443229166666667,0.28399114583333335
0.019559784698193004,0.008125881071382802,0.010016179674484173,0.009355376137383058,0.00920319108035371,0.009531590413943355,0.010320549788542868,0.014777970011534025,0.02018053953607587,0.028734941689093938,0.04254773804946815,0.0784473920287069,0.11801150198641548,0.11962145969498911,0.04671280276816609,0.05526320005126233,0.0247781302063309,0.03480632449058055,0.017973856209150325,0.015815231321286684,0.013584518774830193,0.014069108035371012,0.013444348327566321,0.010845187748301935,0.08078223119313084,0.17349096501345637
0.017949826989619378,0.009763872869409202,0.010064238113546072,0.008534377803408945,0.007989715494040754,0.008254036908881199,0.008938869665513265,0.01380078175060874,0.01805795847750865,0.025775342816865308,0.039648212226066896,0.08069812892477253,0.15668653082147893,0.14457980904780213,0.045959887222863004,0.04386534025374856,0.02233916442393951,0.025238690247340767,0.01513039856465462,0.013620562604126618,0.012651384083044982,0.012751505831090606,0.012359028578751763,0.010829168268614636,0.04889145200563886,0.1856217160066641
0.02627190223915973,0.008791289057348902,0.011577431826883153,0.011504389639382386,0.01178258723271584,0.011944358520469215,0.011890679865896505,0.016284363530476974,0.02099619739430575,0.027498790391962027,0.034902890656825745,0.048713624132746575,0.05386248558152121,0.06756108214206755,0.035214177831745117,0.04269609989033867,0.024945377679582062,0.03506355895852625,0.02141900871457025,0.019867229892196595,0.01816421942657471,0.01871424180493618,0.01646267960902331,0.011672043519417702,0.17822232473183958,0.21397696572948802
0.039643391619407685,0.020165061830497794,0.016514797967863894,0.011356923440453685,0.008750295368620037,0.00721314784183995,0.0068365528512917455,0.008805676984877126,0.010659115075614367,0.013788791745431631,0.017697503150598613,0.02633211247637051,0.03679554584120983,0.04019597707939509,0.01656525677378702,0.02718622006931317,0.01305775441083806,0.024440522605545054,0.014450909735349717,0.015397320022054191,0.015671766698172652,0.018530688799621928,0.021195159892879647,0.02480234916509137,0.17695657096723377,0.36699058758664144
0.07135076252723312,0.029067345892605408,0.024189414327822633,0.018854927591951814,0.014297385620915032,0.011726259131103423,0.010680988081507112,0.01012831603229527,0.010456715365884916,0.010989363065487633,0.012294950660002564,0.015006247597078047,0.017012687427912343,0.015574939125977188,0.011626137383057799,0.010644944252210688,0.008998942714340638,0.009026976803793413,0.009059015763168012,0.009655741381519927,0.011293733179546328,0.01577117775214661,0.023528610790721518,0.03529491862104319,0.0690359477124183,0.5144335511982571
0.017429853723404255,0.0063565076462765956,0.008372672872340425,0.007969539561170212,0.007848362699468085,0.008372215757978724,0.009127867353723404,0.013400182845744681,0.017883934507978722,0.023568858045212766,0.029086934840425533,0.03589615192819149,0.036016123670212764,0.05909657579787234,0.02641277426861702,0.04378465757978724,0.02009312666223404,0.03535580119680851,0.017091630651595746,0.014661693816489362,0.012598902925531915,0.013559715757978723,0.012002202460106384,0.008544547872340425,0.36483402593085107,0.15063513962765956
0.06262415096757658,0.03442185697808535,0.023252274766115598,0.011209630911188005,0.006315679866717929,0.004193098808150711,0.0031157887991798026,0.004129020889401512,0.005234364987825196,0.006403787004998078,0.007421023965141612,0.00959967320261438,0.011421889017044726,0.029315647827758553,0.007156702550301167,0.022975938741509674,0.007465077534281686,0.01979206715365885,0.009159137511213635,0.009255254389337435,0.009896033576829425,0.01692458028963219,0.026452165833653722,0.03240340253748558,0.15446382801486608,0.46539792387543255
0.03584375,0.01585,0.0180625,0.01646875,0.01525,0.01508125,0.01396875,0.0162375,0.0189625,0.0242375,0.0333625,0.0517125,0.0737875,0.0585875,0.03436875,0.03013125,0.0211,0.0214625,0.0165,0.0157,0.01591875,0.01881875,0.0186,0.0161625,0.0686125,0.3152125
0.04800786593707251,0.023450562395500835,0.01992609059127527,0.014772381820945433,0.011741906064751482,0.010031919744642043,0.00900592795257638,0.010972412220702235,0.012777397780817754,0.016914614683082536,0.021275079799361604,0.03129749962000304,0.034574973400212795,0.04573738410092719,0.022975566195470438,0.02878951968384253,0.016520367837057303,0.02000683994528044,0.013808139534883721,0.013584891320869433,0.014349635202918376,0.01818760449916401,0.023303313573491413,0.02698453412372701,0.08226459188326493,0.4087389800881593
0.037649782135076255,0.01826220684352172,0.016636229655260796,0.013604543124439318,0.011738273740868896,0.011101499423298732,0.01092128027681661,0.013688645392797643,0.017329072151736513,0.023500576701268743,0.03376505831090606,0.056440631808278865,0.07603245546584647,0.07229190695886198,0.03545911828783801,0.03296408432654108,0.019455658080225553,0.021510156350121747,0.014733916442393951,0.014677848263488402,0.014029059336152762,0.016932590029475843,0.01865868896578239,0.018310265282583622,0.060938100730488276,0.31936835191592977
0.04310041009867999,0.021670351146994747,0.019311482763039855,0.017180891964628988,0.014882096629501474,0.013748718441625016,0.013724689222094067,0.01542275406894784,0.01874679610406254,0.02171440471613482,0.028114186851211073,0.04156254004869922,0.06103021273869025,0.04996075227476612,0.02627995642701525,0.023188196847366397,0.016644239395104447,0.01547882224785339,0.013536460335768294,0.014073112905292836,0.014469595027553505,0.017769607843137254,0.02114571318723568,0.023608708189158015,0.04400951557093426,0.3896257849545047
0.03454600794566193,0.015691080353710113,0.016656254004869923,0.01373670383185954,0.012266916570549789,0.012074682814302191,0.012387062668204536,0.01575515827245931,0.01844643085992567,0.023152153018069974,0.03150230680507497,0.052860278098167374,0.0902657631680123,0.07209166346277072,0.03509867999487377,0.035210816352684866,0.021233820325515827,0.025166602588747918,0.017597398436498782,0.01677640010252467,0.01638792772010765,0.016804434191977444,0.01848647955914392,0.01629581571190568,0.06852732923234653,0.2909818339100346
0.02592398813394018,0.010056434899219766,0.012542923033159948,0.012089564369310793,0.012165759102730819,0.012676263816644993,0.01283500284460338,0.016673947496749025,0.021218963345253576,0.028348250568920676,0.03964665962288687,0.06612686931079324,0.0924102426040312,0.09219308761378414,0.04577652592652796,0.047678854437581276,0.028239038117685307,0.03161446480819246,0.021057684492847853,0.01936870123537061,0.018001005770481145,0.01781940832249675,0.01618122155396619,0.011840661573472041,0.061647888897919376,0.22586658810143043
0.024096787651230706,0.010337922403003755,0.013833959115561118,0.010488110137672091,0.008393825615352525,0.008026700041718815,0.007400917813934084,0.011088861076345432,0.01444305381727159,0.018648310387984982,0.022594910304547352,0.030688360450563203,0.04498957029620359,0.07128911138923655,0.02359616186900292,0.05037964121818941,0.019274092615769713,0.04238631622861911,0.01903212348769295,0.016520650813516898,0.016236962870254484,0.01774718397997497,0.016253650396328746,0.011764705882352941,0.25163120567375885,0.21885690446391323
0.029497201930881286,0.015140188246685747,0.01383371068107708,0.011690660287353867,0.01103920144673701,0.010711692084241104,0.010971563643612856,0.01359519842795506,0.018497159212268785,0.02632890483717089,0.04209207284947385,0.0772886496646589,0.10553989206430575,0.09326541073945918,0.04916556310251043,0.03641049738704487,0.022697822774716277,0.02013114614037336,0.014677403277941533,0.013313967562333575,0.012648269184216897,0.012979338431087757,0.014353453799820582,0.014068663049824142,0.03822603841827218,0.271836330755977
0.021531442628108865,0.010837230588807369,0.010243703608358004,0.0089744139814934,0.006589579668483002,0.0056778364153830755,0.005166545100899586,0.008674075027531071,0.011666738175941419,0.015492484375223466,0.01780580941348093,0.025264226770212096,0.03532558172795012,0.0690350538464839,0.0163970767008481,0.05566639493142261,0.015792823329185794,0.04932352226083723,0.017398206547389196,0.01573561590938345,0.013922855794396533,0.017366027373750377,0.01743753664850331,0.01669741565481043,0.3009432073339912,0.21103459618712547
0.04435013717421125,0.018998628257887517,0.019239540466392317,0.014863683127572016,0.012800068587105624,0.011676097393689987,0.010705589849108368,0.012292524005486968,0.014377572016460905,0.017301097393689985,0.02095679012345679,0.028387345679012344,0.031253429355281206,0.04304183813443073,0.024600480109739368,0.03066786694101509,0.018973765432098767,0.026141975308641974,0.018162722908093277,0.01941872427983539,0.02026920438957476,0.02275891632373114,0.024181241426611797,0.020888203017832646,0.10826303155006858,0.36542952674897117
0.04802640010252467,0.019844130462642575,0.019671921056004103,0.015598968345508137,0.012723471741637831,0.010464725105728566,0.009311322568242984,0.010332564398308344,0.012086697424067667,0.015442778418556966,0.02057301678841471,0.03736944124054851,0.0649429706523132,0.05491077149814174,0.02318018710752275,0.025603133410226835,0.01410114699474561,0.017941817249775727,0.011902473407663719,0.011493976675637575,0.01253524285531206,0.015863289760348585,0.020468890170447264,0.02430956042547738,0.08362969370754837,0.38767140843265413
0.04808938016283354,0.02279669578653355,0.022074641944493968,0.0186248291436382,0.01617638319367683,0.015317644262197658,0.014738218339573304,0.01647352469245855,0.018101860105782373,0.022353954953348784,0.028879182266595353,0.039591133297676356,0.047934866583467045,0.037059487728056104,0.024442859689784276,0.01920722648125037,0.015641528495869732,0.01417067807690022,0.012518571343673858,0.013763594223569264,0.015136387947940809,0.018598086408747844,0.02232721221845843,0.024633030249004578,0.05388363938907708,0.3974653830153919
0.046575520833333335,0.022604166666666668,0.020439453125,0.018017578125,0.015833333333333335,0.014664713541666667,0.014508463541666667,0.01525390625,0.017268880208333334,0.020205078125,0.024658203125,0.03513671875,0.045595703125,0.039606119791666665,0.024020182291666668,0.024274088541666666,0.017545572916666665,0.020569661458333333,0.016513671875,0.017154947916666666,0.01767578125,0.020934244791666667,0.022278645833333333,0.021546223958333333,0.0640625,0.383056640625
0.04997276688453159,0.021514161220043574,0.02259948096885813,0.01941160451108548,0.016876521850570293,0.014777970011534025,0.013288158400615148,0.014321414840445983,0.01575515827245931,0.019299468153274383,0.025102524669998717,0.037229270793284634,0.053244745610662565,0.04168268614635397,0.026536268102012046,0.022106881968473664,0.018502499038831218,0.01718890170447264,0.01555090990644624,0.016528098167371524,0.017801646802511853,0.020565007048571064,0.022130911188004615,0.020228597975137767,0.05333685761886454,0.38444748814558505
0.022666830618594435,0.008423030289165447,0.010657828513909224,0.011212596083455343,0.011123947657393852,0.011767363653001465,0.012229193356515374,0.01720208409590044,0.022638234352122987,0.030359226299414347,0.042960171120058566,0.06872683702415813,0.095111182284041,0.09192412838579796,0.04175483848828697,0.04915126281112738,0.02640722227306003,0.03585399890190337,0.0215415675329429,0.019146630215959005,0.016860358711566617,0.016870367404831624,0.01471849835285505,0.01083512536603221,0.10318247849560762,0.18667499771229867
0.03437068364019537,0.01575604824355305,0.014367693337320403,0.013481282127956485,0.012826263402964671,0.013160892534210489,0.01302561692796218,0.01640394719979495,0.019746678627878166,0.025851880330926853,0.037560340040155495,0.07285303373346434,0.12377361983282784,0.09002591595824967,0.04292152590883848,0.028617910490267275,0.021241830065359478,0.018069973087274125,0.015008472524812393,0.013876429293576544,0.01384083044982699,0.013577399006080283,0.014324974724820938,0.0162081535591724,0.03314608341521067,0.2659625215373005
0.036240528659841516,0.01825944242003586,0.0170990224998554,0.013881658858233559,0.01178856498351553,0.011123402163225172,0.010418474174330498,0.013097200532130256,0.015305974897333565,0.021209294927410492,0.03189166522066054,0.05842949274104922,0.09258415755682804,0.06628492104806524,0.032690583608074496,0.027152380126091735,0.018667939152062003,0.018805309734513276,0.014810717797443461,0.014282925559604373,0.01517944936086529,0.01764127479900515,0.019777748857655156,0.01797024119382266,0.0669500838683556,0.3184575452599919
0.032263731939056614,0.011346067352560859,0.013861949738573116,0.014241440377804015,0.013974391409456345,0.015397481306572215,0.01595617585877326,0.019997048406139317,0.02534856917973801,0.03350761792320234,0.04720793275988081,0.06711010850621241,0.08115828976218586,0.0793662506324844,0.047285236408613034,0.03898563557654467,0.02687707314330691,0.025594535334795075,0.01904480800584697,0.018029319165682803,0.016897874852420308,0.017431972789115645,0.015878872210041042,0.01169744757407095,0.05124177770281666,0.24029839208410636
0.061369918289115304,0.022225360637546657,0.02298396045596691,0.019776051649349338,0.016919197014021992,0.014800766670029254,0.014219711489962676,0.015619893069706446,0.017576919197014023,0.02146272571370927,0.025691516190860485,0.030852416019368507,0.03454857258145869,0.03095329365479673,0.023710279431050137,0.020288510037324726,0.017104811863209925,0.016217088671441542,0.01568041965096338,0.016140421668516088,0.016907091697770604,0.020050438817714112,0.023234136991828913,0.022657116917179462,0.05436094017956219,0.40464844144053264
0.025279187043892926,0.01694547282782577,0.014020293432058137,0.011205570029099441,0.009758215640568581,0.008802199978670567,0.008786964669317611,0.013593704770175359,0.017284458460929047,0.02101330042506513,0.025800996389231685,0.043325410972469794,0.08906180965004494,0.07491963374316316,0.025957158310099485,0.03932995109465698,0.01707116412998766,0.02784252784252784,0.01498773557597087,0.013681307798954857,0.01290811584929232,0.01485823544647074,0.018270944741532978,0.021984551396316103,0.10814403461462285,0.30516705516705517
0.029573567708333335,0.0119140625,0.014716796875,0.012711588541666667,0.012825520833333333,0.012639973958333333,0.012877604166666667,0.016171875,0.021067708333333334,0.02728515625,0.037353515625,0.055608723958333335,0.07027669270833334,0.07191731770833333,0.038740234375,0.04173828125,0.02498046875,0.030794270833333335,0.0212109375,0.020146484375,0.019541015625,0.02125,0.019365234375,0.01388671875,0.08074869791666667,0.26065755208333335
0.03674868640266564,0.014321414840445983,0.016439991029091376,0.015230520312700243,0.015635012174804563,0.015558919646289889,0.014733916442393951,0.01849448929898757,0.021754453415353068,0.027313212866846084,0.03550717672689991,0.053833461489170835,0.07483900422914264,0.0652153018069973,0.039239715494040754,0.03545911828783801,0.02561514801999231,0.025699250288350635,0.019964276560297322,0.01926742919389978,0.018686723055235166,0.018959054209919262,0.01877082532359349,0.01546280276816609,0.05523917083173138,0.28201092528514676
0.04642477400029897,0.018487433943325166,0.021253297268977952,0.018277261602005282,0.014725419325452222,0.013241560420682082,0.012394076185950741,0.014707026316763693,0.017295637272061418,0.02078445127680283,0.02459250699285789,0.02927475780976521,0.029376329392777664,0.03630510463396038,0.02497301968215944,0.02762653335601414,0.019240844382025366,0.021804501765025918,0.016672032270475166,0.01775382234837249,0.01913657828181651,0.02323083858529881,0.02490963995158304,0.020309981944391726,0.09249855784753531,0.37470401314362056
0.03396663676363792,0.015728459139647145,0.017525310777905933,0.016163655004485453,0.015215835789653551,0.01508234012559272,0.015693750266991328,0.019153957879448076,0.022477999914562775,0.028034089452774573,0.0372719894057841,0.05588128497586398,0.07584155666623948,0.06106358665470545,0.03514673843393567,0.029342346960570722,0.02015517535990431,0.02002167969584348,0.015530885556837114,0.015725789226365926,0.016131616045110854,0.018403712247426204,0.02057435174505532,0.018638664616173268,0.0566555598274168,0.30457302746806786
0.049680989583333335,0.02162109375,0.022259114583333333,0.020162760416666668,0.017532552083333333,0.01609375,0.015859375,0.017701822916666665,0.018671875,0.022389322916666666,0.027291666666666665,0.03938151041666667,0.051178385416666666,0.040703125,0.025813802083333334,0.022083333333333333,0.017942708333333335,0.017265625,0.016529947916666666,0.016764322916666668,0.017643229166666666,0.01984375,0.0217578125,0.020618489583333333,0.047766927083333334,0.3754427083333333
0.028215643555897306,0.011089039827986386,0.011804576587352443,0.011776097512352798,0.01213920571859826,0.01331040767795862,0.014951514374813107,0.019597163484130035,0.027033761943412078,0.038998533327637516,0.05699374884303758,0.08853076452076837,0.10953764221738078,0.09144274993948197,0.05368661625870392,0.03759593888390505,0.026428581599669643,0.022263516880971706,0.01768550557477893,0.01554245518105572,0.014214618309197317,0.013321087331083486,0.012135645834223304,0.010807808962364902,0.030127301465248408,0.21077007418799037
0.04790208333333333,0.017558333333333332,0.0204375,0.01875625,0.017177083333333332,0.01656875,0.016166666666666666,0.017366666666666666,0.020222916666666667,0.024891666666666666,0.03270833333333333,0.04552291666666667,0.05427708333333333,0.04744375,0.03238958333333333,0.026135416666666668,0.020241666666666668,0.01869583333333333,0.015827083333333332,0.015879166666666666,0.016647916666666665,0.01905625,0.02039791666666667,0.019404166666666667,0.05881458333333334,0.33951041666666665
0.056740878169449595,0.0295159386068477,0.024245235284196323,0.01766739753752741,0.015783999550233317,0.014575251588238601,0.01333839320852308,0.012972957778152583,0.015179625569235959,0.018384213189407996,0.02127958621465115,0.02922077922077922,0.04189857761286333,0.0314274470118626,0.022151009163996177,0.019058863214707372,0.015165570360375556,0.01506718389835273,0.01333839320852308,0.013043233822454602,0.015249901613537977,0.017723618372969024,0.02098442682858267,0.02216506437285658,0.05570079271377973,0.42812166188789563
0.03542416067146283,0.015032973621103117,0.017146282973621103,0.015829836131095124,0.0151853517186251,0.01516037170263789,0.014695743405275779,0.01758093525179856,0.021225519584332535,0.026456334932054355,0.03522931654676259,0.051396382893685054,0.06563499200639489,0.05979216626698641,0.03779226618705036,0.03304856115107914,0.024407973621103116,0.024235611510791368,0.018764988009592327,0.017875699440447642,0.018105515587529975,0.01850519584332534,0.018712529976019184,0.015425159872102318,0.05078687050359712,0.31654926059152677
0.036057185487925525,0.01703725328013753,0.014616682073987577,0.011441963054866281,0.009868794498775523,0.009390356638933488,0.008806500267600837,0.011758218589338135,0.015245138584797029,0.020702573833503626,0.03150391670315769,0.053512058255891275,0.07417408650805235,0.07718256864366921,0.03550982013980116,0.03730598939327592,0.019838952950907412,0.024258421317244847,0.015115392724500885,0.013773333982062635,0.013367878168637182,0.015707358212102045,0.018277948069219417,0.019770025462625084,0.083487406542435,0.31229017661655234
0.03372734375,0.01193203125,0.014541015625,0.0147859375,0.014203125,0.01463828125,0.015784765625,0.019173046875,0.02404921875,0.030641796875,0.03952109375,0.051531640625,0.055121484375,0.060384375,0.03898828125,0.037432421875,0.02502578125,0.025588671875,0.01881171875,0.01790859375,0.01708359375,0.017853515625,0.01711484375,0.013676171875,0.100265625,0.270215625
0.02673611111111111,0.014118055555555556,0.011694444444444445,0.008854166666666666,0.0075,0.0065625,0.005868055555555555,0.008152777777777778,0.009708333333333333,0.012430555555555556,0.01326388888888889,0.018722222222222223,0.025625,0.05686111111111111,0.01570138888888889,0.03836805555555556,0.010930555555555556,0.035854166666666666,0.012097222222222223,0.011819444444444445,0.0118125,0.014854166666666667,0.01551388888888889,0.01538888888888889,0.34710416666666666,0.24445833333333333
0.041463963963963964,0.01633333333333333,0.018103603603603604,0.016741741741741742,0.015845345345345346,0.015813813813813814,0.01542042042042042,0.017427927927927928,0.0202027027027027,0.025177177177177178,0.034484984984984986,0.056186186186186184,0.07293693693693694,0.05771021021021021,0.03558858858858859,0.027914414414414414,0.021397897897897897,0.019794294294294294,0.01745195195195195,0.017322822822822822,0.01792792792792793,0.019247747747747748,0.01957057057057057,0.01631081081081081,0.04517267267267267,0.318451951951952
0.059869927175798386,0.023646343485358635,0.02564131689368432,0.022100542993061932,0.017356527714008776,0.014539332721150903,0.013538757205897357,0.013884106213651668,0.01463757684164881,0.015700327134986227,0.016865506389654117,0.01801593906234058,0.0180749253902663,0.017878437149270482,0.016162851686052443,0.015137764960208142,0.013928146681461076,0.013325728879706152,0.013151161233547598,0.01426373106060606,0.016875669574533212,0.022255979938271605,0.026743922813998573,0.024586139169472502,0.06536023906999286,0.4664590985613713
0.043125,0.017028125,0.01877109375,0.0175625,0.0153109375,0.0143265625,0.014034375,0.01622890625,0.01921328125,0.02393359375,0.0306578125,0.0445296875,0.055025,0.0501140625,0.03078984375,0.026196875,0.01898359375,0.01874609375,0.01516953125,0.0151671875,0.01610546875,0.01948984375,0.021190625,0.0188984375,0.0610890625,0.3583125
0.061533333333333336,0.0272,0.024655555555555556,0.01888888888888889,0.015111111111111112,0.010166666666666666,0.008288888888888889,0.00818888888888889,0.008322222222222222,0.009755555555555556,0.011566666666666666,0.017433333333333332,0.02168888888888889,0.028266666666666666,0.011233333333333333,0.020266666666666665,0.0089,0.018977777777777777,0.009666666666666667,0.011355555555555556,0.015055555555555556,0.021977777777777777,0.02728888888888889,0.025777777777777778,0.1459888888888889,0.41244444444444445
0.04860892388451443,0.022550306211723534,0.019733158355205598,0.017086614173228345,0.015244969378827647,0.015818022747156605,0.015603674540682415,0.01747594050743657,0.020870516185476817,0.024615048118985128,0.0326246719160105,0.04243219597550306,0.053591426071741034,0.041189851268591426,0.0270997375328084,0.021447944006999124,0.017825896762904636,0.015555555555555555,0.014426946631671041,0.01394575678040245,0.014951881014873141,0.01672790901137358,0.019978127734033246,0.022353455818022748,0.04980752405949256,0.3784339457567804
0.051715494791666664,0.021015625,0.021256510416666666,0.017216796875,0.013850911458333334,0.012138671875,0.010638020833333333,0.011962890625,0.01375,0.016956380208333333,0.022171223958333333,0.03375651041666667,0.0446484375,0.04326171875,0.022067057291666668,0.025921223958333333,0.015270182291666667,0.020592447916666666,0.014280598958333333,0.014938151041666667,0.015817057291666665,0.020888671875,0.02462890625,0.022555338541666668,0.08892578125,0.379775390625
0.034746251441753175,0.017429193899782137,0.01641996667948225,0.013660611303344868,0.012351018838908111,0.012903690888119953,0.013528450595924644,0.015875304370114057,0.01971196975522235,0.02601163014225298,0.03750560681789056,0.06628059720620275,0.11137142765602973,0.0691000256311675,0.03674868640266564,0.028374503396129694,0.020064398308342946,0.01762943739587338,0.014701877483019352,0.014237312572087659,0.013916922978341663,0.01486207227989235,0.01676038062283737,0.01746523772907856,0.037329392541330254,0.3010140330642061
0.04274741130538109,0.018409438125954847,0.020302155830928537,0.018002037005601764,0.016932609064674926,0.015786793413681888,0.01523510439653709,0.01616024444067221,0.01857918859276863,0.022916313019860805,0.032469020539806485,0.054511118655576306,0.07441436088949245,0.060151077915464264,0.035206246817178745,0.026222203361059244,0.019618910202003056,0.0171108470548294,0.015209641826515023,0.015430317433372942,0.016669495841113564,0.018591919877779663,0.019695297912069257,0.018604651162790697,0.043243931420811406,0.3277796638940757
0.044015702795863657,0.015085216392186901,0.01705764075067024,0.01805821524320184,0.01841248563768671,0.01955189582535427,0.02131367292225201,0.024909038682497126,0.028695901953274608,0.03420145538108005,0.041569322098812714,0.04797012638835695,0.050842589046342396,0.046878590578322485,0.03681060896208349,0.03250191497510532,0.02586652623515894,0.023324396782841823,0.020107238605898123,0.0187763309076982,0.018340674071237073,0.018096514745308313,0.01772788203753351,0.015157027958636538,0.04703657602451168,0.297692454998085
0.05149061258490324,0.02778979238754325,0.022619505318467258,0.01592336280917596,0.01247917467640651,0.010344579008073817,0.009647731641676278,0.010544822504165064,0.011618127643214148,0.01479799436114315,0.018662693835704215,0.03314029860310137,0.056464661027809816,0.03789407920030757,0.019155292836088685,0.015110374215045495,0.011714244521337947,0.011906478277585545,0.010552832244008714,0.010981353325643983,0.013027841855696528,0.016932590029475843,0.0229158656926823,0.028450595924644367,0.06612440727925158,0.4397106881968474
